1 1
2 81
3 100
4 2025
5 3025
6 9801
7 10000
8 88209
9 494209
10 998001
11 1000000
12 4941729
13 7441984
14 23804641
15 24502500
16 25502500
17 28005264
18 52881984
19 60481729
20 99980001
21 100000000
22 300814336
23 493817284
24 1518037444
25 6049417284
26 6832014336
27 9048004641
28 9999800001
29 10000000000
30 20408122449
31 21948126201
32 33058148761
33 35010152100
34 43470165025
35 101558217124
36 108878221089
37 123448227904
38 127194229449
39 152344237969
40 213018248521
41 217930248900
42 249500250000
43 250500250000
44 284270248900
45 289940248521
46 371718237969
47 393900588225
48 413908229449
49 420744227904
50 448944221089
51 464194217124
52 626480165025
53 660790152100
54 669420148761
55 725650126201
56 734694122449
57 923594037444
58 989444005264
59 999998000001
60 1000000000000
61 19753082469136
62 24284602499481
63 25725782499481
64 30024405179209
65 30864202469136
66 66616807495744
67 87841600588225
68 99999980000001
69 100000000000000
70 123456809876544
71 186086811780496
72 275246813838096
73 371449415558529
74 390974415863329
75 612685018625625
76 637690018875625
77 953832821345856
78 1322314023140496
79 1511956823764321
80 1968106024682281
81 1982524424700304
82 2499500025000000
83 2500500025000000
84 3077414824700304
85 3095437824682281
86 3735179023764321
87 4049586823140496
88 4776996021345856
89 5587185018875625
90 5662190018625625
91 6436359815863329
92 6516844815558529
93 6957134013838096
94 7457814011780496
95 7901234409876544
96 8434234407495744
97 8934133805179209
98 9999999800000001
99 10000000000000000
100 55022100179545801
101 59488400237953600
102 110888778222110889
103 186997808245434624
104 322132944245434624
105 442475700620940900
106 444889444222110889
107 585886298179545801
108 752050880792003584
109 826446280826446281
110 999999998000000001
111 1000000000000000000
112 1234567900987654321
113 3155240201460775561
114 4081216201612080400
115 7001330002639001316
116 14799075482367049104
117 15123845682376554321
118 16735128102417346281
119 17080377442424803584
120 22619988402494048721
121 23021089942495920804
122 24582435942499824169
123 24999500002500000000
124 25000500002500000000
125 25421080682499824169
126 27060493982495920804
127 27499037182494048721
128 34423550882424803584
129 34917946282417346281
130 37345067902376554321
131 37859942442367049104